0	0	0	0	0	0	0	
1	1	1	1	1	1	1	
2	2	2	2	2	2	2	
3	2	1	2	1	2	1	
4	0	0	1	1	1	1	
5	1	1	0	0	0	0	
6	1	1	1	1	0	0	
7	2	0	2	0	2	0	
8	1	0	1	0	1	0	
9	0	1	0	1	0	1	
10	1	2	1	2	1	2	
11	0	2	0	2	0	2	
12	0	2	0	0	0	0	
13	0	2	0	2	0	0	
14	1	1	1	1	0	1	
15	1	0	0	0	0	0	
16	1	1	1	1	1	0	
17	1	1	0	1	0	0	
18	0	1	0	0	0	0	
19	1	1	1	0	0	0	
20	0	0	1	0	1	1	
21	0	1	1	1	1	1	
22	1	1	1	0	1	0	
23	1	0	1	0	0	0	
24	1	1	0	1	0	1	
25	0	0	0	1	0	0	
26	0	1	0	1	0	0	
27	0	0	0	1	0	1	
28	0	1	0	1	1	1	
29	1	0	1	1	1	1	
30	1	0	1	0	1	1	
31	0	0	0	0	1	1	
32	0	0	1	0	1	0	
33	1	0	1	1	0	0	
34	0	0	1	1	0	0	
35	2	2	2	2	0	0	
36	0	0	0	0	0	1	
37	0	0	0	0	1	0	
38	0	0	1	0	0	0	
39	1	0	1	0	0	1	
40	0	1	1	1	0	0	
41	0	0	0	1	1	1	
42	0	0	1	1	0	1	
43	0	1	1	1	1	0	
44	0	1	0	1	1	0	
45	0	0	0	1	1	0	
46	1	2	2	2	2	2	
47	1	2	2	2	0	0	
48	2	2	0	2	0	0	
49	2	2	0	0	0	0	
50	0	2	0	2	2	2	
51	2	2	2	2	0	2	
52	1	1	0	0	0	2	
53	2	0	0	0	0	0	
54	0	0	2	2	2	2	
55	0	2	2	2	2	2	
56	0	0	0	0	0	2	
57	2	2	2	0	0	0	
58	2	2	2	2	2	0	
59	0	0	0	0	2	2	
60	2	0	2	2	2	2	
61	0	0	2	0	0	0	
62	1	1	0	2	2	2	
63	2	2	0	2	0	2	
64	0	2	2	2	0	0	
65	0	0	0	2	2	2	
66	0	0	2	0	2	2	
67	1	2	0	2	0	0	
68	0	0	0	0	2	0	
69	2	2	2	0	2	0	
70	0	0	0	2	0	0	
71	0	0	0	2	0	2	
72	1	1	1	2	2	2	
73	0	0	2	2	0	2	
74	0	2	2	0	0	0	
75	2	0	0	2	0	0	
76	1	2	1	2	1	1	
77	1	2	0	0	0	0	
78	0	1	0	2	0	2	
79	1	1	2	2	2	2	
80	0	2	1	2	1	1	
81	2	2	2	2	1	2	
82	1	2	1	1	1	0	
83	1	2	1	1	1	1	
84	0	2	1	2	1	2	
85	1	2	0	2	0	2	
86	2	2	1	2	1	1	
87	2	2	1	2	1	2	
88	0	2	0	2	1	2	
89	1	2	0	2	2	2	
90	1	2	1	2	2	2	
91	2	2	2	2	1	1	
92	2	2	0	1	0	1	
93	0	0	1	0	1	2	
94	1	2	1	1	0	0	
95	0	2	2	2	0	2	
96	1	0	1	1	1	0	
97	0	0	0	2	1	1	
98	0	2	1	1	1	1	
99	2	1	2	1	0	0	
100	1	1	0	2	0	0	
101	1	1	2	2	0	2	
102	2	1	0	1	0	0	
103	1	1	0	2	0	2	
104	0	1	2	2	2	2	
105	0	1	0	2	0	0	
106	1	1	1	1	2	2	
107	0	1	0	1	2	2	
108	0	1	0	1	0	2	
109	1	1	1	1	0	2	
110	1	1	0	1	2	2	
111	0	1	1	1	2	2	
112	1	1	1	1	1	2	
113	1	1	1	2	0	2	
114	1	2	2	2	0	2	
115	2	2	2	2	1	0	
116	1	2	1	1	0	1	
117	0	0	0	0	1	2	
118	0	2	0	2	1	0	
119	0	2	1	1	0	0	
120	1	2	1	2	0	1	
121	1	2	1	2	0	0	
122	2	2	1	2	0	2	
123	1	2	1	2	1	0	
124	1	2	1	0	1	0	
125	0	0	0	2	1	2	
126	0	0	1	2	1	1	
127	1	2	1	2	0	2	
128	2	2	1	2	0	0	
129	2	2	1	2	1	0	
130	2	2	1	1	1	1	
131	0	2	1	0	1	0	
132	2	2	1	0	1	0	
133	1	2	1	0	1	1	
134	0	2	0	0	1	0	
135	2	2	0	1	1	1	
136	2	2	1	1	0	0	
137	2	2	0	0	1	1	
138	0	2	0	2	1	1	
139	2	2	1	2	0	1	
140	1	2	0	1	0	1	
141	2	2	1	0	0	0	
142	2	2	1	0	1	1	
143	2	2	0	1	0	0	
144	2	2	1	1	0	1	
145	2	2	2	2	2	1	
146	2	0	0	0	1	0	
147	2	0	2	0	0	0	
148	1	2	1	0	0	0	
149	2	1	1	0	0	0	
150	2	2	1	1	1	0	
151	2	0	1	0	0	0	
152	2	1	1	1	0	0	
153	2	1	0	0	0	0	
154	2	0	2	2	0	0	
155	2	1	2	0	0	0	
156	2	2	2	1	0	0	
157	0	2	1	2	0	0	
158	0	2	1	0	0	0	
159	0	2	1	0	1	1	
160	0	0	1	1	1	0	
161	0	2	1	2	1	0	
162	0	0	1	2	1	2	
163	0	2	0	1	0	1	
164	2	2	0	2	0	1	
165	1	1	1	2	0	0	
166	1	1	1	2	1	2	
167	0	2	0	1	0	0	
168	2	2	0	0	1	0	
169	1	0	1	1	0	1	
170	0	1	0	0	2	2	
171	1	1	0	1	0	2	
172	0	0	1	2	2	2	
173	2	1	1	1	1	1	
174	0	2	1	1	1	0	
175	0	0	2	0	2	0	
176	0	2	2	2	2	0	
177	1	2	0	1	0	0	
178	0	1	1	0	0	0	
179	0	1	1	2	0	2	
180	1	1	1	2	1	0	
181	1	0	1	2	0	0	
182	1	1	1	0	0	2	
183	2	2	2	2	0	1	
184	0	2	0	0	1	1	
185	0	2	0	0	0	1	
186	2	2	0	2	1	1	
187	0	0	2	2	0	0	
188	0	0	1	0	0	1	
189	2	2	2	0	1	0	
190	2	0	1	0	1	1	
191	2	2	2	1	1	1	
192	2	0	0	0	1	1	
193	1	1	2	2	0	0	
194	2	0	2	2	0	2	
195	0	0	2	0	0	2	
196	2	2	0	0	0	1	
197	2	1	1	1	0	1	
198	0	0	2	2	1	0	
199	0	0	2	2	1	1	
200	0	2	0	1	1	1	
201	0	2	0	2	0	1	
202	0	2	2	2	1	0	
203	0	2	1	2	0	2	
204	2	2	2	1	0	1	
205	1	1	2	1	2	2	
206	0	2	2	2	1	2	
207	2	2	2	1	1	0	
208	1	1	2	1	0	0	
